3452476
3452987
3453487
3453503
3453526
3453615
3454337
3455247
3456117
3456135
3456710
3456940
3457410
3457952
3457962
3458656
3459340
3459384
3459510
3459604
3459619
3459650
3459727
3459769
3459791
3459827
3460138
3460956
3461131
3461327
3461509
3462050
3462176
3462521
3462651
3462656
3463124
3464405
3464423
3464500
3464552
3464566
3464580
3464613
3464676
3465308
3465499
3465501
3465503
3465976
3466171
3466268
3466271
3466325
3466936
3466959
3468345
3468395
3468516
3468837
3469034
3469490
3469498
3469931
3470122
3470512
3470827
3470902
3471750
3471784
3471899
3471963
3471994
3472035
3472083
3472085
3472243
3472259
3472830
3472980
3473476
3473918
3474197
3474257
3474605
3474615
3474688
3475363
3475895
3476224
3477079
3477464
3477519
3478808
3478887
3478895
3478897
3478968
3478985
3479053
3479058
3479196
3479478
3479487
3479576
3479679
3479834
3479920
3481448
3482941
3482971
3483026
3483794
3484070
3484759
3484771
3484844
3484879
3484920
3485247
3486135
3486323
3486745
3486862
3488165
3488255
3488327
3489088
3489131
3489163
3489173
3489178
3489192
3489240
3489904
3489915
3490163
3490433
3490871
3490970
3491081
3491280
3491738
3491955
3491972
3492296
3493879
3494101
3494711
3494756
3495439
3495486
3495657
3495773
3495946
3496078
3496202
3496266
3496535
3496648
3496727
3496749
3497495
3497505
3497538
3497555
3497579
3497587
3497600
3497619
3497689
3497958
3498244
3498733
3499133
3499269
3499919
3500064
3500087
3500725
3501287
3501292
3501559
3502396
3502883
3503138
3503581
3503676
3503677
3503856
3504182
3504386
3504394
3505318
3505688
3505726
3505742
3505781
3505858
3507724
3507736
3508127
3508176
3508181
3508436
3508514
3508683
3509091
3509156
3509470
3510180
3510232
3510242
3511006
3511547
3511885
3512053
3512054
3512121
3512653
3513010
3513104
3513127
3513892
3514021
3514028
3514731
3514741
3514956
3514958
3515390
3515611
3515807
3515816
3516459
3516464
3517491
3518799
3519635
3519750
3519762
3519767
3519803
3519965
3519974
3520763
3520874
3521271
3521297
3521367
3521850
3521916
3522537
3522573
3522762
3523521
3523987
3524237
3524277
3524468
3524485
3524617
3525167
3526074
3526303
3527074
3527104
3528005
3528294
3528501
3528584
3529461
3529693
3529697
3529733
3529766
3530164
3530208
3530497
3530563
3531448
3531563
3531668
3531690
3532157
3532838
3532852
3532868
3533325
3535189
3536071
3536331
3536650
3536909
3536968
3537028
3537179
3537204
3537878
3538135
3539239
3539788
3541160
3541918
3541968
3542206
3542215
3542259
3542291
3542430
3542439
3542482
3542512
3542529
3542573
3542637
3542817
3543409
3543490
3544383
3544567
3544877
3544900
3544902
3545117
3545192
3545230
3545330
3545566
3546737
3546743
3546871
3547010
3548008
3548025
3548209
3548988
3549071
3549749
3549863
3550215
3550515
3550668
3550678
3550718
3551848
3552437
3552445
3552602
3553287
3553292
3553310
3553322
3553454
3554877
3555611
3555705
3556090
3557353
3557843
3559327
3559334
3559684
3561457
3561516
3561640
3561980
3562986
3562990
3563642
3563653
3563771
3564393
3564402
3564420
3564425
3564451
3564475
3564491
3565101
3565344
3565698
3565712
3565755
3566179
3566463
3566482
3566809
3566958
3567759
3568030
3568214
3568593
3568713
3569487
3570880
3571651
3571677
3572025
3573049
3573808
3574123
3574158
3574652
3574770
3575242
3575944
3576246
3576701
3576874
3577425
3577472
3577619
3577810
3577844
3577883
3577964
3577988
3578126
3578777
3580140
3581137
3581284
3581982
3582020
3583432
3584285
3584462
3584621
3584638
3584857
3585281
3585482
3585492
3585578
3585786
3585985
3586062
3586225
3586246
3586842
3587703
3588108
3588171
3588198
3588247
3588490
3588930
3588941
3589005
3590515
3590862
3591210
3591332
3592787
3592839
3593094
3594201
3594280
3595513
3596912
3597356
3597659
3598396
3600150
3600162
3600274
3600335
3600875
3600982
3601583
3601853
3601938
3602084
3602160
3602226
3602869
3603279
3603369
3603983
3604114
3604273
3604442
3604505
3604731
3604866
3604886
3605111
3605120
3605282
3605323
3606792
